$ANSIBLE_VAULT;1.1;AES256
30363066383335623030626538346233313964393265386237323864616331656537363761393361
3865613265353861356534303362353436373638656639300a363838316664626130356536343161
63356664633138626564363861616631353962366332346137383635623630396564303632303535
3564613537383861360a356431386138306533313066646131623636333632666365383832616239
39366439353333663637626163613364336664663236666532373364396664333064386262663366
64313939333532356166326561623837616536366238343262656538623162363034363762393934
33363962343231336364393130613765383864666530343932303934303537386666646661383139
63636531303834333637613234366431646165613033613330343237313935376236306431633030
31653837653935313933333361323461393132306331303635376562633237303264633935613861
66336631656235323763653939633566316133346332656331373234613264636433643435643831
37323062373030623366333131653765353264656130386239336261636335636139613635626536
61643334656433613461323964333762633262643339663131366432626434633335326338343064
34373965373765623136363265393137633436663864373330396462393235646339616435353163
64336262666330333133393036386136373430656565343262356538613133313363653032316237
39663136333863656166633966623862616438306431613534623636393366646462373865393563
63326331623836333237653064373763653236393636336230356130393364643865363666303863
63326165363139623861353933313734616636646664363534303762326135333836353964383562
31636536656436663434626130336663643130333438333730646536316339303663336337323564
33313037666435373538366266326233633538396130356563353936383661316633336630333638
66326435313936313139316265326532353638313037653336386233623934353865346564616233
64646635333361343131363339373235356463663532336264666462363961393766643163303339
31323664393066376436623866356430666166653336663165393162626263303135313864313533
63303833326132393233376462636339386535383463313561383535663239633565613862653336
31346634396130363831373633633730303562303065663933666138656663353364613432303930
61646338343262623132663838656133383937363238636666666332393633623035663761653530
61316562616461373437653837306130386563373931306335333431383339353734336435316565
34363538396534376265373739356261303736313430623865346137323930653936376365393765
39643066323638326331626538663434333639366437663734383137393833346463376336323234
34633264643663303233393833303438393637343235626465646335643565376630336431376631
64613530363265383630353736653030376333336338383738396634373463343033366433663265
64663863393964663062373233393835333734656563396137383232313936303832306630313334
62616361623561343065613962346634613663303465376136326363383862346261326631666134
39393237373532363735393532376632323361613761323133386131353631303832396232623065
64326134346138633362386564393562356234373761323630323035366535636434623664623139
66363366346334343134393132616361646130366434643761323261363464616638366439363932
32656531396235626438383238653162336636643064373037373235643965643135326537383263
66396537306237313361303464666332356132646535383936343134663134323739623162346132
39366565313134343030343665616339343362303964623662333536623231643166366537363839
36303264383365373564366263323133623132373064306362383330653261366636336365386263
37326634636361396630396633343965326661633138343265623363343033653734666365343835
30366336353335383830356564343238336637313432386434303432336437396634396634316262
64353834626233383135616330373731626162323136633231626164303330383866323639313531
36633565303766333936663862633963356334393534623263373765373333333534366133333436
65326535376531363735643338323662303766313964333430623137663465393839666134646634
36396337643931343766613361306365386230653935663531333863386530366166393864363061
63306665653036626131653266376433346131663666653866363733366663643631306234316663
63323339393264633031306633616535373437343637366663633663313831356336653533616264
34663962376632313666653362656531613031333035343737323034316532626466323432633562
39383435323462303732326538373933333263663835633865653237336665326564623133613335
32366331313535613137306261376433636431373139646136333935376266326233343438656336
39373862353039643539373733343833646234663533633837353330383465636331613561393739
61336237613364313535376161383163613965623432343439643633363739613563346663326131
30303262393830326266633933343930363738303661336635333131393561313366313934336538
62323431633333656239643930313034306535326563623839623136333964313434396232313266
33613161313832386232613064633363613265656434623135346465353232653735396262643165
35336639613039336665316337313634653262316332313038643061366132303633353062666433
35333039633864623439336562323861323933333733646635383239313034386639643038616135
61666437303834376337356661323334366332396564613531633136373135343161383766653630
35613538383630636234353930663933663063303631373736303234333365343736396462353633
34316633623839623032306537336235313732653134343737363735353736376462373833396133
32343062626537636435646439323339363233646136336137363537653162366435383163376563
32383962353034323032313337353338386532663638343132353533636331313964666332386535
35363931373734326563323165316261343034323265363961343365633965373237343036343230
64336233666632353633346132633565316565353863643062366564366564613033666666326238
38633435363338623634613135616534306234373730306233303738323762656232663664363932
32363366656163396535633161646231653463663239336135663332316434336661323034353430
35653863336164396137323830306333626331376635316534346265373165373664613633353664
35306463346336376565636364646139393234666332623536636361343838346265613336633538
66313661336338343963353735376462396235323032356636363437336431343839333330393266
35353832633166323330633338306336373237643136383063373436363264373664393839383064
34393430636432343530653662393631663331303036623039386630386562653534343566346138
38353236343762636162313737343863396539633361666538316362656330656565623138653437
62333466393736363934303565356661346566663134363536653736636361326661306361643335
37313231396261633737633833313763626336366635373764343335633937383135643634353036
61333664373666303730316337343431373862653636363763353066663237643865383730346666
33336636323032366566376662646339363834343635336264663763376439346634613562323866
63653536313535663766346663323964326261643465643165653231346461383738333366633337
64383565303233366537333062366234313436346664313936353232303236663462326532663265
31633362666366393130363538373533383462333465343935643233666636333431353439393334
32353332616262396331613964656136633437356665616638396431343239313738346630643563
31336362626431623232373334343864613666353965326162386639396264643866303234323732
37323331626239303063616361663739396261363562343062656339363834633038633238633939
38303862346661326666333633623661303362353035363536636630616239343435396530653835
64656235626433383933326136396363353730316166386236623833336332626564373134323433
39363331346434643432383063623565323533616362376363646332363061366432626166336363
66313864616437346633356438323234333235613564333633656238306264336634313663336565
30653836303132646161356431613133643834663561633932663434633265626261356634306138
38333861626363356235326632366335613934323131393335343663363630353036613333316663
37626663663236333466363364383661646436366164616366633833623230376566373064306564
61663663386136393439663035663535333366373632323031643332636561623461376638663139
64346635313364336530343766636564663836663237666434336130636430613732613933643133
37326539346665316162383163393237343064366239636533363862333534393036383930356162
63636466643133396666336635653735623634626131353162383330326163313837373563663932
31643033643030303339306431363065303230383831323339366165613833646231633361646336
31653633376166613830333934346537633634343832643035613331626532393763653864376338
33636539633034303763303535656663356361656535353961323730303539376237633431646237
3166
